"numErf"
57850
63714
63715
63716
63746
63790
63792
63801
63811
63833
63975
64101
64113
64117
64153
64154
64160
64194
64196
64202
64214
64280
64304
64350
64351
64352
64353
64370
64429
64434
64500
64507
64537
64548
64561
64594
64601
64649
64673
64687
64715
64717
64749
64754
64771
64777
64784
64791
64805
64809
64814
64818
64820
64821
64822
64824
64859
64867
64868
64870
64881
64882
64887
64889
64891
64898
64906
64921
64927
64930
64937
65161
65162
65215
65283
65288
65289
65294
65297
65339
65371
65417
65438
65449
65450
65458
65484
65559
65562
65580
65588
65627
65628
65653
65666
65667
65678
65682
65683
65699
65700
65702
65728
65734
65738
65752
65759
65828
65835
65902
66486
66495
66504
66519
67980
67982
67984
67994
68002
68004
68005
68021
68030
68035
68041
68060
68085
69472
90914
91521
91673
92198
103319
148186
149445
150014
153563
159792
159876
168804
170618
173068
